0.0000014791865759207768
0.0000018404513893806036
0.000002680199999999887
0.000002968661538461615
0.00000302635384615383
0.0000035255599999972767
0.000004496543297295679
0.000004854583726744905
0.000006845213621713162
0.000009026353846153758
0.000009503340159105895
0.000010517243763675346
0.000010641255871535013
0.000011117622625265546
0.00001227335199999181
0.000013660499999997404
0.0000155601760195386
0.00001690410584615277
0.00001760345599999822
0.00001867520999999213
0.00002229068675547572
0.000022566644337529845
0.000025889183999993714
0.00002914025199999097
0.000031610226955763025
0.00003255356558490977
0.000033464270400878714
0.00003842046388311088
0.000044778942461034545
0.00006018749155057838
0.000060647511476773265
0.000064318517447539
0.00007917212724715627
0.00010015058475366404
0.00010015453675648528
0.00010368387788973297
0.00010584843528196887
0.0001133874807662213
0.00012603184522052104
0.00014486647927200566
0.0001592916470551124
0.0001693003108771807
0.000179187820102647
0.00018053782711766476
0.00018970834371941254
0.00019734890307039255
0.00019735803803208157
0.00024643443377199865
0.0002583540253296379
0.0003322926645384668
0.0008397484986314762
0.0013258236683875305
0.0013334155299119664
0.004225073047236279
1.0135063063649539e-7
1.5180000000022838e-7
1.5924497695853572e-7
1.7332199999981304e-7
2.5176599999991776e-7
2.6252301352750133e-7
3.201193846153816e-7
3.302099999998054e-7
6.446449939682983e-7
7.775774694410007e-7
9.844920788804712e-7
