1.1333117250287614
1.0454646077878351
1.0224840507507906
1.0224840507507906
3.762066747642166
1.2651022837890196
1.2651022837890196
1.492688944837937
1.2651022837890196
1.2651022837890196
1.2651022837890196
1.2651022837890196
1.2651022837890196
1.2651022837890196
1.2651022837890196
1.2651022837890196
4.115194137117214
4.115194137117214
4.110061959519953
4.110061959519953
4.110061959519953
4.110061959519953
4.110061959519953
4.080827875521209
4.080827875521209
4.080827875521209
2.493152843500866
2.493152843500866
2.493152843500866
2.48693784349598
4.070655075516697
4.070655075516697
4.070655075516697
2.348680709605105
2.348680709605105
2.348680709605105
1.4510596317413729
1.4512829985178541
27.69182453826943
26.294119127487647
4.571730824143742
7.508908498217352
7.328352432421525
7.21014857692353
7.0687767545023235
6.817727583722444
44.024582410638686
6.464623590363772
6.18175787711516
5.802345327087096
5.511281622646493
5.480757767873001
5.162228669432807
1.294415822965675
4.525520364513795
1.1347628208895912
3.9268912181723863
3.2893216839947854
3.7598897393472726
2.664714465747238
3.0459266501056845
2.3142038448277162
2.4059506204430363
1.730767492799714
1.8110683387303652
3.957901362356097
3.957901362356097
1.8110683387303652
2.884484850543231
2.884484850543231
2.884484850543231
2.884484850543231
2.884484850543231
2.884484850543231
2.3749397590327135
1.8153554502350744
2.884484850543231
2.884484850543231
2.884484850543231
2.884484850543231
2.884484850543231
2.884484850543231
2.884484850543231
2.884484850543231
2.862592053091248
2.855237385718283
2.8478185165904506
2.3756559905095855
2.840396080699975
2.3673812336892297
2.832973644809499
2.3673812336892297
2.832973644809499
2.3673812336892297
2.758674383860125
2.3673812336892297
2.758674383860125
2.3673812336892297
2.758674383860125
2.3673812336892297
2.758674383860125
2.3673812336892297
2.758674383860125
2.3673812336892297
2.758674383860125
2.6556198715152277
1.9060133542825497
1.0406703910621218
1.8605901318146607
1.2496369384844002
1.8605901318146607
2.7082557330968484
1.4756972059803957
5.384623533071135
1.929493268704391
11.35982719049207
1.25833265829624
1.2683326582960035
1.2441357638990667
2.239609068802565
1.6380783157892438
1.7500175145942194
2.1858896353605815
1.1920480741609936
1.1920480741609936
1.1504147876012212
20.05155174210813
2.4467258987342575
1.4731176371969923
2.2958429017089657
1.9233913300777203
1.0943120515785267
1.0830421741520695
1.435952663916396
1.435952663916396
1.273642441874017
2.631172981799864
1.2278939845391506
1.2278939845391506
1.3374659374562725
1.1114299706171096
1.1114299706171096
1.1114299706171096
1.6828710208001212
1.0700150880002184
1.0700150880002184
1.0328269589999763
1.0328269589999763
1.059380312999565
1.059380312999565
1.059380312999565
1.059380312999565
25.338381523062708
1.9183098342155063
1.9036209800869983
2.790437051502522
2.790437051502522
2.790437051502522
2.7380875751550775
8.692913853796199
8.67135058689746
2.7277551810839213
5.718958323736842
18.8710468725767
14.325236317381496
2.7166281288664322
5.718958323736842
28.732781602768227
2.7166281288664322
5.685066201126574
14.271387255488662
2.7064162291935645
5.685066201126574
5.685066201126574
13.167503999662586
39.62241868706769
7.927749125112314
5.685066201126574
13.167503999662586
39.62241868706769
7.927749125112314
5.685066201126574
39.656133267708356
39.62241868706769
7.927749125112314
5.9534525124581705
13.094800949416822
39.40364748358843
2.4832891976693645
5.9534525124581705
1.3908537084062118
12.996015443786746
39.10639140044805
2.4645555811875965
93.19241131062154
38.18370266954298
2.4064060669916216
5.9534525124581705
20.74720703624189
91.83022387005622
20.125307002163026
2.371231785364216
5.685066201126574
87.66027558039059
19.21143043760094
2.263555755489506
5.685066201126574
38.33158539564465
18.575246914639138
2.1885984596738126
5.685066201126574
37.705843550065765
18.272016323840944
2.152870805148268
5.685066201126574
2.4868087674203707
1.9707057822743081
5.9534525124581705
5.9534525124581705
5.9534525124581705
5.685066201126574
5.685066201126574
5.699903277941303
5.699903277941303
2.182808275861589
5.699903277941303
1.7908018348898622
5.699903277941303
1.7843562565885804
5.699903277941303
5.699903277941303
5.699903277941303
5.699903277941303
5.699903277941303
4.452800829268199
4.452800829268199
2.482534975609269
2.5630520487793547
6.159059761848766
6.631388634144969
6.159059761848766
6.631388634144969
6.424738024747057
6.631388634144969
6.424738024747057
6.631388634144969
6.424738024747057
6.631388634144969
5.627703236048546
6.631388634144969
5.627703236048546
6.631388634144969
5.627703236048546
8.665556926827776
5.627703236048546
8.665556926827776
5.627703236048546
8.665556926827776
5.627703236048546
8.665556926827776
5.627703236048546
8.665556926827776
5.627703236048546
8.665556926827776
5.627703236048546
8.665556926827776
6.690416287647167
8.665556926827776
6.690416287647167
8.665556926827776
6.690416287647167
10.699725219510583
10.699725219510583
10.699725219510583
10.699725219510583
10.699725219510583
10.699725219510583
10.699725219510583
10.699725219510583
1.2761588573753215
10.699725219510583
5.457377870581695
10.699725219510583
10.699725219510583
10.699725219510583
10.699725219510583
10.699725219510583
10.699725219510583
10.699725219510583
5.292201535296044
8.665556926827776
8.665556926827776
1.9223125185235403
6.631388634144969
1.9035400740685873
8.665556926827776
4.626668371507549
2.5630520487793547
4.622521414261428
4.597220341462162
4.545807050279109
4.597220341462162
4.542852257247432
4.597220341462162
6.631388634144969
6.631388634144969
6.631388634144969
6.631388634144969
6.631388634144969
6.631388634144969
6.631388634144969
6.631388634144969
6.631388634144969
6.631388634144969
6.631388634144969
6.631388634144969
6.631388634144969
6.631388634144969
6.631388634144969
6.631388634144969
34.417875570448814
6.631388634144969
6.631388634144969
2.5630520487793547
2.5630520487793547
2.5630520487793547
2.5630520487793547
13.20592933826265
2.5630520487793547
2.5630520487793547
2.5679291707310767
2.5679291707310767
2.5679291707310767
2.5679291707310767
2.5679291707310767
2.5679291707310767
1.1731353461452727
2.5679291707310767
1.0815733431452372
2.5679291707310767
2.5679291707310767
2.5679291707310767
4.605968195121022
4.605968195121022
4.605968195121022
4.605968195121022
4.605968195121022
1.0320122531950346
4.605968195121022
1.0320122531950346
4.605968195121022
4.605968195121022
4.605968195121022
2.5679291707310767
2.5679291707310767
2.5679291707310767
2.5679291707310767
2.5679291707310767
2.5679291707310767
2.5679291707310767
2.5679291707310767
4.605968195121022
4.605968195121022
4.605968195121022
4.605968195121022
1.833989512194421
2.5679291707310767
3.746848620550736
2.5679291707310767
3.746848620550736
2.5679291707310767
3.746848620550736
2.5679291707310767
2.5679291707310767
2.5679291707310767
2.5679291707310767
2.5679291707310767
2.5679291707310767
2.5679291707310767
2.5679291707310767
2.5679291707310767
6.644007219510968
6.644007219510968
6.644007219510968
6.644007219510968
6.644007219510968
6.644007219510968
6.644007219510968
6.644007219510968
8.682046243900913
8.682046243900913
8.815230429390795
8.682046243900913
8.682046243900913
8.682046243900913
8.682046243900913
12.758124292682623
12.758124292682623
1.8455436798963092
12.758124292682623
1.8455436798963092
12.758124292682623
1.8455436798963092
12.758124292682623
1.8455436798963092
1.8455436798963092
1.8330439731057595
1.7816787290475986
1.673471831061761
1.673471831061761
2.325071493884934
2.325071493884934
1.532399616922703
1.532399616922703
1.5040892317383623
1.5040892317383623
1.2801464013537043
1.5040892317383623
2.098613038757321
4.23083996936839
2.098613038757321
8.901963455464283
8.901963455464283
18.65190854964021
1.461947916301142
1.4593406070489436
1.3844814815020072
1.3820325389824575
1.3806679946137592
7.475111858286255
3.6153571714967256
10.29074112874514
6.162624226009939
2.5435681584494887
9.893245974984893
9.553491240443691
9.553491240443691
3.040855499999452
3.675902170733025
1.2526794999976119
10.944274559842597
10.944274559842597
10.944274559842597
10.93976060247951
10.879457044302399
11.670339463023993
5.645993313177314
5.140991758187738
1.4409658841395867
3.686211284591991
3.3381794337437896
3.592207973018958
1.4119263463835523
3.2709056774619967
6.000914890864806
1.1209800171800453
4.157077575375297
9.02390215961168
1.1878353333358973
7.185188721596205
2.4489791484720627
4.606836419774481
4.936675813743932
9.522280653944108
6.100859457836123
3.9316171262144053
5.812617716532259
1.4530902149799658
1.4511988169215329
1.244889144038325
1.0447652704817756
1.3016894131867502
3.2809449457695337
3.972508737863791
1.061687666666785
1.1784738759529318
4.228280708706734
4.285899847536712
1.3521203883483395
1.3521203883483395
2.6623145631056104
1.0650912876194525
2.6623145631056104
3.972508737863791
3.972508737863791
3.972508737863791
5.282702912620152
5.282702912620152
5.282702912620152
5.282702912620152
5.282702912620152
3.1435246905039094
1.6781091903703782
5.282702912620152
3.217399061008109
1.7332875183801661
5.282702912620152
3.089663495135028
3.537751904765173
1.5769435906222498
4.212156280853378
1.065857788642461
3.9353117368191306
3.4556833333335817
1.5403617411320738
1.1717026534515753
3.9353117368191306
6.575220305989205
1.5403617411320738
1.2775475182625087
3.9353117368191306
6.575220305989205
1.5403617411320738
1.383392383071623
3.4062861904749298
1.518343094849115
1.383392383071623
12.36802195146447
6.4812310525085195
1.518343094849115
1.383392383071623
3.4022700668265315
12.18065319474772
6.07667152875365
1.4235678655204538
3.972508737863791
10.73346919037067
2.8142257142899325
1.2544336974897305
3.972508737863791
10.285855820566212
2.696865238100145
1.2021205744422332
3.972508737863791
10.035702538294572
2.631277142856561
1.1728848537932208
3.972508737863791
1.4843218059595529
9.288035995621613
3.04405654762013
1.0855041487302515
3.972508737863791
3.6997274864934298
8.053711575492343
4.545793990952006
3.972508737863791
3.6997274864934298
7.509703785555757
4.238737136563941
5.282702912620152
3.6997274864934298
7.509703785555757
2.461226785715553
5.282702912620152
3.6997274864934298
7.433031400436448
1.9488785714293044
5.282702912620152
3.6997274864934298
6.924762647700845
1.815614761904726
3.972508737863791
3.6997274864934298
3.972508737863791
3.6997274864934298
3.972508737863791
3.6997274864934298
3.972508737863791
3.972508737863791
3.6997274864934298
1.0350503282270438
3.972508737863791
3.6997274864934298
1.0350503282270438
3.972508737863791
3.972508737863791
1.5188976533331697
3.972508737863791
1.4862819666668656
3.972508737863791
1.370767980000437
3.972508737863791
1.370767980000437
3.972508737863791
1.2348041266666314
3.972508737863791
3.972508737863791
3.972508737863791
3.972508737863791
3.972508737863791
3.972508737863791
5.282702912620152
5.282702912620152
1.4697753514501528
1.1978289935041175
1.5460129655359651
1.0827096009638808
1.0827096009638808
1.0827096009638808
1.0827096009638808
1.0827096009638808
1.0827096009638808
8.580436788304723
1.0718674238100903
8.418576209176535
8.515938411681418
8.613300614184482
8.710662816687545
6.535936700955062
8.710662816687545
6.535936700955062
8.710662816687545
7.91161904762339
8.808025019192428
7.837129356194055
8.78499472383919
7.837129356194055
8.78499472383919
11.382966424574988
7.726904761908372
7.726904761908372
4.888022309525695
4.888022309525695
4.872866968096787
5.765238217625665
3.9801665409540874
7.186884240472864
1.4010904761908023
3.7757142857153667
2.2058523809528197
5.9625714285703
5.9625714285703
5.727425062857947
1.0420736162886897
7.606315607143188
2.66232260750985
7.606315607143188
4.282851458650839
7.606315607143188
5.7722059407497
7.436949000002642
2.3065965314290224
2.0830192814291877
1.9346058614291906
1.9346058614291906
1.7164352000008876
1.3810401271434785
1.5302109560052486
1.3604150457149444
4.021599682811939
1.3288842085712531
2.7962700231837516
1.3189683314285503
2.4083600319627294
4.5033148266429635
1.1175464005355025
1.1175464005355025
1.1175464005355025
1.1175464005355025
4.580796397141967
5.103070232382379
2.029446297285176
1.493809523809432
7.023512847619713
7.023512847619713
2.1838470961229177
1.7604727041925798
14.403771428569598
2.4949581438759196
2.412599574037813
2.8377722785699007
3.860761564284985
3.860761564284985
1.321275751120993
3.860761564284985
5.365148811430117
1.4909649252599593
1.373908525260049
6.208806470716809
4.377149019441276
13.580717160424683
13.580717160424683
13.580717160424683
10.665831525991962
1.336447366826178
10.665831525991962
10.665831525991962
10.665831525991962
10.665831525991962
10.665831525991962
10.665831525991962
10.665831525991962
4.438575852431313
4.836060257126519
1.7425162741938038
4.963951928450115
1.7425162741938038
5.228696031299478
1.7425162741938038
5.228696031299478
1.6819888468635327
5.228696031299478
1.6819888468635327
5.228696031299478
1.8939137789329834
5.228696031299478
1.6819888468635327
1.5543826922266817
5.228696031299478
1.5543826922266817
5.228696031299478
1.5543826922266817
5.195426830630822
1.6819888468635327
5.195426830630822
1.750229678415053
5.195426830630822
5.195426830630822
3.422108664057305
1.0559725699995397
3.422108664057305
1.5587143431102959
1.1537712000008469
1.3056192000003648
17.320767642289866
1.1537306060040464
1.8991028446389464
3.0534018867929262
1.9191028446389282
14.275361050327774
1.93910284463891
1.3430795781387133
2.8690604801668087
1.0007848723939787
5.0300066905329
5.002461167721776
25.089511342455808
1.6392364359107887
5.549070802539063
5.549070802539063
1.391853952782185
1.1606151879532263
7.98054966026757
7.900713567210914
1.6341461297215574
4.243446892876818
4.213216340882354
1.0873274669866078
1.3432143298896335
5.3290324315967155
32.39223160161055
6.596846860687947
1.1700865726679694
1.2978073179220928
1.0990692087095795
1.0907109948386733
1.528556430446315
5.640998407927327
2.7444757899083925
7.860945352924318
1.4106858723403093
1.5552926209784346
8.686561946309666
1.368988651188829
8.668093906040667
1.368988651188829
8.668093906040667
6.270280930648369
16.566477798660344
16.134534174496366
16.134534174496366
15.99055296644292
15.99055296644292
1.7740801588188333
4.205027138366859
17.57434625503629
17.718327463089736
1.1835756067202965
4.432603766519605
13.484419997763325
13.484419997763325
13.484419997763325
13.484419997763325
13.484419997763325
13.484419997763325
13.484419997763325
13.484419997763325
13.484419997763325
13.593112727068728
13.70180545637595
13.70180545637595
2.370674465713819
13.70180545637595
13.70180545637595
13.70180545637595
13.70180545637595
13.70180545637595
13.70180545637595
13.70180545637595
13.70180545637595
13.70180545637595
13.70180545637595
13.70180545637595
13.791496035793898
13.791496035793898
13.35732332885891
13.35732332885891
13.35732332885891
13.35732332885891
13.35732332885891
13.35732332885891
4.29410782639934
13.35732332885891
13.35732332885891
13.35732332885891
13.35732332885891
13.35732332885891
13.35732332885891
13.35732332885891
13.465866505592203
1.6746783633443556
13.465866505592203
1.5514041633437046
13.465866505592203
1.5514041633437046
13.4473130134229
13.338919389261719
13.338919389261719
13.338919389261719
13.338919389261719
13.338919389261719
13.338919389261719
13.772493885904623
13.772493885904623
13.744381505592173
13.744381505592173
13.744381505592173
13.744381505592173
13.744381505592173
13.311692020133705
13.311692020133705
13.311692020133705
13.311692020133705
13.311692020133705
13.311692020133705
13.311692020133705
13.311692020133705
13.311692020133705
13.311692020133705
13.311692020133705
13.311692020133705
13.311692020133705
13.311692020133705
13.311692020133705
13.311692020133705
13.311692020133705
13.311692020133705
13.311692020133705
13.311692020133705
13.311692020133705
13.311692020133705
13.311692020133705
13.528036762863849
13.528036762863849
13.419864391498777
13.419864391498777
13.311692020133705
13.311692020133705
13.311692020133705
8.768452422818882
1.6657638498556935
10.499210364652754
10.711814733782376
1.2402141579914314
10.70016345190379
10.70016345190379
10.70016345190379
10.914038395974785
18.146467252798175
18.146467252798175
18.146467252798175
10.570322510067854
10.570322510067854
10.570322510067854
1.2009499895996214
1.319726326946693
2.5522903273586053
6.325525727070271
6.325525727070271
6.325525727070271
1.0034155548371473
1.1772529086083523
6.325525727070271
6.325525727070271
6.325525727070271
6.325525727070271
6.325525727070271
6.325525727070271
6.325525727070271
7.019038031321543
7.019038031321543
6.256174496644235
2.037412993287944
2.219154921700465
1.1553248718637406
2.219154921700465
2.4214479865786416
2.6237410514549993
2.6237410514549993
2.826034116331357
2.826034116331357
2.7049139038026624
2.7049139038026624
2.7049139038026624
2.8985369463080133
2.8985369463080133
3.479406073824066
3.834429530201305
3.9353355704697606
3.9353355704697606
3.9353355704697606
3.9353355704697606
4.137147651006671
10.027110017961604
8.180949151817913
5.917737016640785
5.376093249299629
5.856331627454892
5.32030822584511
5.454661989867418
4.955402955299178
5.454661989867418
4.955402955299178
5.454661989867418
4.955402955299178
6.918139286719452
6.284929832545458
6.533013682283126
5.935054338533519
6.893202403833129
6.262275394308745
5.782362920153901
5.013561536859925
5.782362920153901
5.013561536859925
5.782362920153901
5.013561536859925
5.770432267952856
5.0032171396287595
5.621961929471581
4.874486862983758
1.2325438712000505
5.621961929471581
4.874486862983758
5.549506415849464
4.065284500640701
5.536834737586105
4.80067786467589
5.536834737586105
4.80067786467589
5.536834737586105
4.056001877395829
5.536834737586105
4.056001877395829
5.536834737586105
5.536834737586105
5.536834737586105
5.536834737586105
5.536834737586105
5.536834737586105
5.536834737586105
5.536834737586105
5.536834737586105
5.428133902581976
2.943007900566954
5.428133902581976
2.943007900566954
5.428133902581976
5.428133902581976
5.428133902581976
5.428133902581976
5.428133902581976
4.648317973817029
4.648317973817029
4.648317973817029
4.648317973817029
4.648317973817029
1.6168527436348086
2.299082006896697
2.2226310198957435
2.2226310198957435
1.8236284537524625
1.399555674694966
1.340661467407699
2.117155580837789
2.1795331329485634
1.7525816790202953
3.230079462426602
5.851130282480881
1.1623688859481263
1.6701173665660463
1.6701173665660463
1.3703924501242
1.9295142538012442
1.9295142538012442
1.9295142538012442
2.45551818038075
3.3761111701005575
2.847616613631544
3.3761111701005575
2.847616613631544
3.3761111701005575
2.847616613631544
3.2617082371016295
1.3046783830359345
2.3393698115251027
2.3393698115251027
4.277697484209057
2.895830473683418
4.283021858479515
4.236234022221652
1.0288932779999413
1.0288932779999413
1.0288932779999413
1.0288932779999413
1.0288932779999413
4.649358710914385
119.24227213655831
117.36064191459445
117.36064191459445
117.36064191459445
23.821978470747126
2.8935785904322984
31.32228260478587
8.613172105178819
22.706330829270883
29.855375447732513
22.475027684427914
29.551246952309157
21.524618234485388
27.824551291705575
36.951248655532254
20.978003839656594
27.45975660919794
28.42320375556301
21.596841106773354
28.396565018614638
21.359145202150103
28.08403101528529
12.65379679830221
20.574167083992506
12.65379679830221
1.3727559378730803
2.4981130030955683
2.4981130030955683
2.4981130030955683
2.730311145511223
2.299841889351228
2.172361561728394
2.172361561728394
2.172361561728394
2.172361561728394
1.1634848010817223
2.172361561728394
29.550851628257078
13.484289357933449
29.355403559704428
15.617989817561465
27.689641610595572
14.731752532257815
26.640867494985287
14.17377200833289
24.83875579024607
13.214992402477947
29.279108206988894
2.2747524434234947
28.092153926620085
2.182535592750355
25.906049431985593
2.01269276469975
25.906049431985593
2.01269276469975
23.82449369297683
21.345322454137204
18.650895729660988
13.040701156460273
10.137930156113725
9.232030166840559
47.62773168120475
42.287311947060516
47.62773168120475
2.7579574769797546
2.7579574769797546
2.7281095056878257
1.8348375237592336
33.10076906126051
6.297881146484542
6.297881146484542
33.054988746160234
4.505503282272912
1.297286652078128
2.3734426229507335
10.832104280838394
10.669347603674396
10.669347603674396
10.555150398948172
10.536938297460438
10.536938297460438
33.185199400431884
38.280124870892905
38.24165559517132
38.24165559517132
37.92105898685986
12.040664692030987
12.040664692030987
12.040664692030987
12.040664692030987
12.040664692030987
12.040664692030987
10.422927981620887
10.422927981620887
9.182986424319097
6.798181192476477
6.798181192476477
10.524911201040595
10.524911201040595
4.094491080808439
4.094491080808439
44.711730784067186
4.812410387879936
29.70972366174101
45.27208829461597
53.81905667454703
8.173141436764126
8.173141436764126
8.058584423224602
8.058584423224602
6.188277524341174
1.1383654602700517
2.5240497665217845
2.528133023477494
2.5301746519562585
2.362931779180144
2.362931779180144
2.362931779180144
3.820082754962641
5.341328970853283
5.341328970853283
11.26768734343932
31.854812583565945
51.172495515435
5.605032492661849
30.317948737807455
6.067840671152226
11.144354042669875
31.506137734744698
25.538010873293388
5.543681202252628
29.986096018052194
10.761495895145345
30.42376171881915
12.55851357409847
5.353231086672167
28.955940198458848
12.838541381788673
16.66282971428882
15.502291592827532
11.077422001428204
4.721896382747218
25.54101384159003
12.838541381788673
16.66282971428882
15.502291592827532
11.077422001428204
4.721896382747218
25.54101384159003
1.1228894998912438
2.4731624669220764
2.3013120434879966
1.1614820483323456
2.8058156566039543
1.2112489890128018
24.387937924002472
1.5342058725000243
1.5342058725000243
1.5342058725000243
1.5342058725000243
1.5342058725000243
1.5342058725000243
3.7938121616134595
1.5342058725000243
3.7938121616134595
1.5342058725000243
3.9709500750723237
6.360222908795549
1.6933293551992392
3.9709500750723237
3.826802488492831
3.988964901287545
3.988964901287545
8.362289316908573
10.997053404003964
13.115736531472066
20.45135441554885
10.716507828699832
10.727070041088155
6.1851987612499215
9.701103881117888
15.126921253620822
4.64378209575807
9.287352265731897
14.481758787453145
4.445725012032199
2.989236055944275
4.66111269200519
1.4309052914695712
2.989236055944275
4.66111269200519
1.4309052914695712
2.989236055944275
4.66111269200519
1.4309052914695712
3.1367248949645727
4.854069728758077
1.5360139154681747
3.1367248949645727
4.854069728758077
1.5360139154681747
1.6250050122380344
2.514689015809381
1.6250050122380344
2.514689015809381
1.5533138126793347
1.5533138126793347
1.197864427625973
1.197864427625973
23.08957489869499
19.877307830553036
27.462496924898005
5.200343854245148
23.08957489869499
19.877307830553036
26.095880224122084
36.77188103085791
5.200343854245148
23.08957489869499
19.877307830553036
26.095880224122084
61.0696819510631
5.200343854245148
22.888319372184924
25.700941678253002
25.868420856102603
5.155016127551789
22.888319372184924
19.704051368680666
25.868420856102603
22.888319372184924
19.704051368680666
25.868420856102603
23.56950063050317
21.40354172833031
18.425838910625316
22.040534390398534
21.40354172833031
18.425838910625316
30.653877853386803
22.576790219944087
19.435862764759804
23.24870003214164
20.96548359251028
18.04872428415547
3.651900708384346
21.589439168397803
22.138732084131334
19.05874813828268
3.8562645609199535
22.79760481014091
9.093323790322756
21.024146017087332
18.0992254768571
21.64984745048423
20.948872740365914
18.034424366422172
21.572333959236857
20.698970811652543
17.819289285485866
2.781228807194566
21.314994677544746
20.698970811652543
17.819289285485866
2.781228807194566
12.987368365189468
18.14588823397935
15.621396576942061
2.4381824365846114
25.98830831485975
9.837549554584257
18.123932061709638
15.602494990540436
2.4352322832055506
18.663319975996274
11.487393528899702
18.123932061709638
15.602494990540436
2.4352322832055506
18.663319975996274
15.109272408968536
13.00724071735749
2.030165850366757
15.558940775808878
13.00107250167639
24.1258572398292
12.525470449189015
17.919311716213997
3.9600325796418474
5.1317155629385525
3.9600325796418474
5.1317155629385525
3.9600325796418474
5.1317155629385525
3.9600325796418474
5.1317155629385525
3.9600325796418474
6.288222709148613
3.9600325796418474
5.1317155629385525
3.9600325796418474
5.1317155629385525
4.7881207521641045
6.288222709148613
2.0196010921654306
3.2069689316358563
2.0196010921654306
3.2069689316358563
1.9576939775961364
3.108665264717274
1.1259559509421706
1.7879301843663598
1.2948631618078252
1.6779835280872248
1.2326914429440876
1.5974166209084615
1.2326914429440876
1.5974166209084615
10.564756501393276
12.507772811215546
14.05181628203718
10.564756501393276
12.507772811215546
19.367183644448232
12.447761233903293
13.984396472616936
16.231602554129495
13.980424994682835
12.444226150408213
13.980424994682835
16.231602554129495
13.980424994682835
12.444226150408213
8.693320683407364
12.444226150408213
8.693320683407364
11.636207067087526
13.07265860951884
11.636207067087526
13.07265860951884
11.636207067087526
13.07265860951884
11.636207067087526
13.07265860951884
11.636207067087526
13.07265860951884
11.636207067087526
13.07265860951884
11.757852320035454
13.209320569389092
11.757852320035454
13.209320569389092
11.757852320035454
13.209320569389092
11.726402197265998
13.173988032263878
11.726402197265998
13.173988032263878
11.726402197265998
13.173988032263878
11.726402197265998
18.15730012615677
11.726402197265998
13.173988032263878
8.806857545172534
9.894035182343941
8.806857545172534
9.894035182343941
1.189104997443792
2.3276607320003677
1.189104997443792
2.302149422999719
2.5363294230000974
2.5363294230000974
2.2110794229997737
1.9768994229998498
1.9768994229998498
1.950036375000309
1.950036375000309
1.950036375000309
1.3334958143996118
7.099276617198484
7.099276617198484
39.06025137569668
39.06025137569668
39.06025137569668
39.06025137569668
38.10281835389105
38.10281835389105
38.10281835389105
10.074046728971553
10.074046728971553
37.451471881988255
37.451471881988255
37.451471881988255
37.192945817445434
37.192945817445434
1.1444148468544881
37.192945817445434
37.192945817445434
36.23551279563617
1.1124985687420121
17.807991704048618
8.39154796884759
1.3143689174848987
6.488530551401709
1.6889085585062276
6.1567036542055575
2.0634481995257374
3.7989421194024544
6.081779707164969
2.3131412935417757
6.0532778224296635
2.4379878405488853
6.0532778224296635
2.812527481568395
4.571904719625763
3.0622205755826144
4.546175355140349
3.0622205755826144
3.2951144267908603
3.0622205755826144
3.647238619937525
3.187067122591543
3.8158069096571126
3.3031045270108734
2.874373887850197
3.2771290775049238
2.874373887850197
2.0424534187627614
1.2705812472777325
1.6760933193399978
1.6760933193399978
1.5475525049587304
1.5475525049587304
2.0217107872895212
2.0217107872895212
2.0217107872895212
2.9571651090336672
2.9571651090336672
1.4835825545169428
2.977165109033649
2.2107257407747056
1.1144801512286904
7.3885689981088944
2.8456563677127633
2.7778684806417004
2.768814063913851
2.4804239159175268
2.1940012882951123
2.3412837961495825
2.3412837961495825
2.3582257198286243
2.3582257198286243
2.463820318735088
2.1371519974491093
2.1371519974491093
2.1371519974491093
2.1371519974491093
3.957554039567185
2.1371519974491093
2.1371519974491093
1.4710875009186566
3.0693660481138068
3.0693660481138068
3.0693660481138068
3.0693660481138068
4.889651926487204
1.475341951124392
1.475341951124392
1.0638863672502339
1.0638863672502339
1.0638863672502339
1.0667795956399004
1.0667795956399004
1.6243606059642843
1.6243606059642843
1.3912365871269685
1.3912365871269685
1.3912365871269685
1.2047373720561154
1.2795604395603277
1.2795604395603277
1.2795604395603277
1.2795604395603277
1.2073823076923418
1.2073823076923418
1.7279270439989887
1.2073823076923418
1.2073823076923418
1.0554110989010042
1.0554110989010042
2.8307650851961625
1.0480707912086018
2.80722014424191
1.0480707912086018
1.0480707912086018
2.80722014424191
1.0480707912086018
1.0480707912086018
1.416161755101939
1.416161755101939
2.80722014424191
1.416161755101939
2.80722014424191
1.2011142566348099
3.1668681915225534
2.80722014424191
1.2011142566348099
2.2581542197799536
2.80722014424191
1.0472678901096515
2.80722014424191
1.0472678901096515
1.0580311744732853
1.6624602357528602
2.2581542197799536
3.1451365353614165
1.6624602357528602
2.2581542197799536
1.432700133736489
1.9460663076920355
1.2875280439557173
1.919718984924657
1.2740637912083912
1.2740637912083912
1.2740637912083912
1.088861956000983
1.1134206872011418
1.0291304836300696
1.6368641929993828
1.9257097658610292
3.323128591377099
4.504017827815915
15.71973792101926
15.71973792101926
1.4806293949995961
1.8453012270001636
1.0369514449503185
1.085800686139919
1.085800686139919
1.0974054997800522
1.085800686139919
1.085800686139919
1.1206151270598639
1.2674375588198927
1.1093939603999843
1.5145109547738684
1.2945234095220712
1.3155016203088508
1.5145109547738684
1.3155016203088508
1.3155016203088508
1.3364798310963124
1.3364798310963124
1.4223120376884708
1.3364798310963124
1.4223120376884708
2.4143989688000147
1.3364798310963124
1.4223120376884708
2.4991549688020314
1.3364798310963124
1.4223120376884708
2.4991549688020314
1.3364798310963124
2.4991549688020314
1.3364798310963124
2.6169386599012796
1.3574580418833193
2.6169386599012796
1.3574580418833193
2.370832931730547
1.3574580418833193
2.370832931730547
2.370832931730547
2.370832931730547
2.370832931730547
2.370832931730547
2.477539847699518
2.477539847699518
2.477539847699518
2.477539847699518
2.477539847699518
2.477539847699518
2.477539847699518
1.1604395604394995
2.6909536796392786
1.1604395604394995
2.7976605956082494
2.7976605956082494
2.7976605956082494
2.9043675115790393
2.9043675115790393
2.9043675115790393
2.9043675115790393
3.01107442754801
3.4379020914293505
3.4379020914293505
3.1168930985986663
4.828296240248164
3.4379020914293505
2.1511726314947737
1.18045218318548
1.1412791395559907
4.649113606029005
1.691234396672371
3.345974547888545
3.345974547888545
2.010743854271368
1.1253248492957937
2.010743854271368
1.0980818600196471
1.545417221105481
2.010743854271368
2.010743854271368
5.385567069699391
2.010743854271368
1.0216695365597843
1.4089545570004702
1.4089545570004702
1.2424305813592582
1.0730425305291647
1.0170097462312242
1.4823363793968838
1.4823363793968838
1.4823363793968838
1.4823363793968838
1.4823363793968838
1.1352378922783828
1.0320408728387065
1.146525854513584
3.909593663125179
3.909593663125179
3.909593663125179
3.909593663125179
2.973660421376735
2.973660421376735
3.853534674756247
1.0685953829997743
1.0685953829997743
1.6880431246636363
3.3290194357505243
3.3290194357505243
1.0677988664392615
6.216011912398244
6.670695880806306
1.8480103372994563
1.8480103372994563
1.8480103372994563
1.8103191247673749
3.823036809813857
3.823036809813857
1.8103191247673749
1.80445795356718
1.80445795356718
1.80445795356718
1.7100358366160435
1.8612382997380337
1.0142662853631919
3.857525348083527
3.857525348083527
3.857525348083527
1.0114348691963642
1.0738344539454374
1.0306395094194158
1.2004867440000453
1.4006321259448669
1.4006321259448669
9.647555308467417
1.497674197383276
1.6391324879432432
1.519243161815666
4.25449668472811
4.419242117181966
4.579046048399505
4.579046048399505
4.579046048399505
4.6642488589486675
4.74945166949874
4.74945166949874
4.74945166949874
4.74945166949874
4.74945166949874
3.554267939998681
11.338114728598157
10.503869309995935
10.503869309995935
10.58887904580115
10.58887904580115
10.58887904580115
1.2301951355993879
1.4201198087994271
1.500115690639177
1.277388294280172
3.43448938335041
1.9812369033643336
2.197877102719758
2.197877102719758
4.000563040457564
2.4484489409587695
2.563615339239732
2.809216786719844
2.972951085040222
1.2529949132795082
2.5464105356768414
1.1593841563262686
2.5235991033514438
1.8491797259484883
2.5048143450585485
1.8354151013918454
2.369540726449486
2.393730283161858
2.3571691742472467
6.305262815189053
2.3571691742472467
6.959267878482933
2.3571691742472467
3.0352374987378425
2.941737807730533
2.354691852695396
3.685365267090674
1.327450346943806
2.354691852695396
3.685365267090674
1.327450346943806
2.354691852695396
1.0417810755243408
1.847958695007037
1.0359686690553644
1.8376483838255808
5.95623772201543
5.95623772201543
5.763735439930315
5.513193232287449
5.513193232287449
1.4118254718996468
5.420611657073096
5.24702426321528
5.24702426321528
6.165456994171109
5.24702426321528
4.400223503556845
4.387815516379305
4.387815516379305
4.387815516379305
4.213167436458207
4.213167436458207
4.213167436458207
3.7756997076940024
3.7756997076940024
3.7446216059943254
3.7446216059943254
3.593202550893693
3.593202550893693
2.265271206378202
1.7109309768093226
1.7109309768093226
1.7069256776976545
1.6763981211315695
1.6763981211315695
1.6763981211315695
1.6763981211315695
1.6763981211315695
1.6763981211315695
1.6763981211315695
1.6763981211315695
1.137544992592666
1.6604082271333027
1.9586470035155799
1.7411887265097903
1.6604082271333027
1.6604082271333027
1.8219692258862779
1.8219692258862779
1.983530224642891
1.7411887265097903
1.6604082271333027
1.6604082271333027
1.6604082271333027
1.6260674270906748
1.7068479264671623
1.7068479264671623
1.7068479264671623
1.6260674270906748
1.6260674270906748
1.7068479264671623
1.6260674270906748
1.6260674270906748
1.6260674270906748
1.6260674270906748
1.6260674270906748
1.433082814079171
1.433082814079171
1.433082814079171
1.433082814079171
1.433082814079171
1.433082814079171
1.433082814079171
1.433082814079171
1.433082814079171
1.433082814079171
1.643514638999477
1.433082814079171
2.4852419386861584
1.433082814079171
1.433082814079171
2.2748101137640333
2.2748101137640333
2.2748101137640333
3.1165374134507147
3.9590920068912965
3.9590920068912965
3.747832888215271
3.747832888215271
1.067851254373636
1.3690175486399312
1.3690175486399312
1.3690175486399312
1.4242822185597106
1.1829439340394856
1.3004845324185226
1.359870606860568
3.433724051725221
1.9352409615394208
22.844544155159383
22.512366273593216
22.844544155159383
22.844544155159383
22.844544155159383
22.844544155159383
22.610421177236276
22.506237949255592
22.506237949255592
22.17897930959225
22.17897930959225
22.00621893119751
22.00621893119751
22.00621893119751
21.685301654397335
21.685301654397335
21.685301654397335
10.898192619355541
11.525029506716237
11.825925625798845
11.825925625798845
12.13901254566008
12.452099465517676
12.757140175497625
6.999751524957901
1.2695149167598174
9.443179682490154
9.327268710141652
1.0260337019594772
9.072900612212834
9.072900612212834
9.072900612212834
9.072900612212834
9.404991994342708
9.532667830622813
18.62085786881289
18.62085786881289
16.48258585741496
16.48258585741496
16.346299241187808
4.584357116856154
2.438292302779246
16.953562724891526
16.953562724891526
16.953562724891526
14.219871110228269
7.565343442000994
14.219871110228269
14.219871110228269
14.219871110228269
14.382114977241145
14.382114977241145
15.932403985712881
15.932403985712881
15.932403985712881
15.932403985712881
15.932403985712881
7.404407832738798
7.404407832738798
7.115464660862926
3.202257018037926
3.202257018037926
3.4038797870234703
3.4038797870234703
1.2374399647997052
3.112386955999682
1.615480880649102
7.225836444165907
10.101511921253405
1.6354808806490837
15.953972190036438
21.77022603782825
2.0421654555684654
2.0421093120312435
6.350216188820923
3.8891260460404737
8.953031935827312
7.677313590305857
6.350216188820923
7.677313590305857
6.350216188820923
7.399736187810049
8.629330250336352
11.888858844384231
11.722034981368779
11.532715764631575
11.532715764631575
11.532715764631575
11.534031444614811
3.5170291688336874
11.323813919425447
3.520778869613423
11.33588686845178
11.33588686845178
13.717951241425908
13.272448920710303
3.383593716881478
3.383593716881478
3.383593716881478
3.974884387466318
3.7567767804298455
3.6395456141867726
3.6395456141867726
1.9810362705634361
1.9102439769640114
1.9102439769640114
1.9102439769640114
1.6344162030509324
1.4740502976480911
1.4740502976480911
1.4740502976480911
1.443600689665118
1.4223164136851665
18.778592963935807
18.697794929154043
18.697794929154043
2.144147509479808
2.144147509479808
11.697545126131445
2.326084767084467
12.447245188883244
1.9249607982897032
11.78976478974073
2.9624411974346003
2.2460883677836136
2.124960798289976
14.874725588029833
2.1349607982897396
4.402289166073388
19.14472558803027
5.7561064497222105
5.7561064497222105
5.7561064497222105
5.7561064497222105
17.21527137911835
4.3657287669284415
16.889764789739274
15.97208756949476
4.412588766927911
1.4424803991448698
12.78614625802038
2.894960798289958
19.3209683677851
1.9705047547613503
1.1227168709519901
2.9249607982897032
1.6708311441498154
1.246719796700063
1.246719796700063
2.9849607982901034
16.309825801858096
16.309825801858096
1.4974803991449335
3.701771546686359
3.701771546686359
21.090182349216775
2.0131332023383948
3.0549607982898124
3.0849607982900125
1.6796808535425498
20.02534580185602
20.1346258018566
18.843802459017752
18.843802459017752
11.571560683602002
8.301830850119586
4.550890690970846
5.252755477646133
8.381069237497286
3.976652340403234
4.121105190402886
4.265558040402539
1.2173580020125883
5.44611382354924
5.44611382354924
5.44611382354924
5.431085117350449
1.0433631249998143
1.0268846875005693
1.0386550000002899
1.0386550000002899
2.3887813260398616
2.3226691162790303
7.4070576164995146
7.4070576164995146
1.35511998246875
1.4016499824683706
3.8800340214984317
3.139482383872746
1.8041579510945667
5.704968161433499
5.704968161433499
4.20993658921725
4.757023441805359
5.082214440153621
4.344135121609725
4.286509982466669
4.286509982466669
4.966498905730987
2.4234041516756406
4.966498905730987
4.677216107105778
7.1075744003210275
1.0819752544111907
1.0819752544111907
7.490955176093848
7.46432066880152
7.46432066880152
7.46432066880152
7.46432066880152
7.46432066880152
7.46432066880152
7.428490597865675
7.428490597865675
7.428490597865675
7.428490597865675
7.428490597865675
7.428490597865675
7.428490597865675
7.428490597865675
7.428490597865675
1.210096590266403
7.428490597865675
1.210096590266403
7.428490597865675
5.0884869952715235
7.428490597865675
7.38359480651161
7.38359480651161
7.38359480651161
7.38359480651161
7.38359480651161
7.326943209498495
7.326943209498495
7.013122127322276
7.013122127322276
7.013122127322276
7.416917904445654
7.416917904445654
3.197630809207112
3.171650580590722
3.171650580590722
3.171650580590722
3.171650580590722
1.429119988043567
1.429119988043567
1.429119988043567
1.4195071080466732
1.1385782179149828
1.1385782179149828
1.2033551709719177
1.1956481964243721
1.4926300660247307
1.4926300660247307
1.4926300660247307
1.4926300660247307
1.6231626189821782
1.6231626189821782
1.6231626189821782
1.606819169188384
1.1515376500165075
1.1515376500165075
1.1515376500165075
1.1515376500165075
1.1453057422227175
1.0801770781990854
1.0801770781990854
1.0801770781990854
2.1325845457777177
2.0839388162985415
1.1163051168141465
4.559314826399714
1.5872181058869046
1.5872181058869046
1.8803162087137935
2.290956988139442
1.042786962998889
1.9315621927498796
2.6552972713652707
1.8573422876606855
1.7043147226386282
1.7043147226386282
1.7043147226386282
1.698285307345941
3.3533060034806113
4.376953679640792
4.376953679640792
4.376953679640792
6.021220418711891
6.021220418711891
6.021220418711891
4.353027621291403
