0.000008663394925541623
0.000029360942054275053
0.00002979459748916657
0.00003452655698351232
0.00012585966451208664
0.0002215431576026541
0.0021706797461062033
0.002676806999965314
0.003275165846324205
0.0034129180800041613
0.003692729559998049
0.005070346531632036
0.007385540140001533
0.00907482000000043
0.013449898800004382
0.015142488595991547
0.015297614256410578
0.015886239560005923
0.0188823082574799
0.02269777992272646
0.02504726130186227
0.02603749440707923
0.028347739807972415
0.029476360000000548
0.03615233984666429
0.036252393207253736
0.03880247999999781
0.03929083439574663
0.044898719617386326
0.046727035991701936
0.050028601377024466
0.05375252000002012
0.056086901559991215
0.05724939483800584
0.061373579031884715
0.06307864000001732
0.06343103879996861
0.06777940788001051
0.07078022371358521
0.0738324160800068
0.07654674594354774
0.08068689500192099
0.08740140185629564
0.08939427498320347
0.092493199464287
0.09320418711292867
0.10440443174057756
0.118124192000007
0.13885396034209552
0.14894691851220251
0.14981759935999694
0.16443192397588594
0.16488841163302637
0.1836013229340056
0.2032797966498363
0.3334690558046962
0.3583787706532019
0.38050053215675395
0.4236850407692303
0.42872205816546366
0.4739620221072084
0.5735720852139451
0.6181893247532028
0.6471920275384526
0.6717844017959447
0.7049278119037709
0.714120000000106
0.7142095162937369
0.7368645625221257
0.7764647610489578
0.8444140901700327
0.8627142085805107
0.9850687584128839
1.0622087193094212
1.461272453356672
1.675425095769235
12.601013199840526
12.603608176761773
13.805543647979997
13.892351173959764
15.841332771983595
19.147757709735462
2.278056363130814
2.326108093536529
20.095963291808097
21.17982555356841
228.55104089086134
3.3635403171457634
3.397815817275503
3.890720941726054
34.47973882052093
4.013087674995498
4.061144537384958
5.1694357548951855
5.706262191261171
62.85158875364883
63.692706259387634
8.138416150176122
8.207305736924877
9.023974168908149
9.480724472452621
